Level 1

#Wall
Shape
-1000 -1000
3000 -1000
3000 0
-1000 0
#Wall
Shape
-1000 -1000
0 -1000
0 1200
-1000 1200
#Wall
Shape
-1000 1200
-1000 600
3000 600
3000 1200
#Wall
Shape
3000 -1000
3000 1200
2000 1200
2000 -1000

#Wall
Shape
100 0
200 0
200 300
100 300
#Wall
Shape
50 400
200 400
200 500
50 500
#Wall
Shape
400 150
500 150
500 400
600 500
800 500
900 600
400 600
#Wall
Shape
600 350
750 350
750 400
600 400
#Wall
Shape
900 0
1000 0
1000 400
900 400
#Wall
Circle
1150 250
75

#Turret
300 450
25
1
#Turret
300 250
25
1
#Turret
700 300
25
1
#Turret
700 425
10
1
#Turret
700 475
10
1

#Player
50 50
#