Level 2

#Wall
Shape
-1000 -1000
3000 -1000
3000 0
-1000 0
#Wall
Shape
-1000 -1000
0 -1000
0 1200
-1000 1200
#Wall
Shape
-1000 1200
-1000 600
3000 600
3000 1200
#Wall
Shape
3000 -1000
3000 1200
1200 1200
1200 -1000

#Wall
Shape
200 200
300 200
300 600
200 600
#Wall
Shape
200 0
250 0
250 100
#Wall
Shape
400 0
500 0
500 300
400 300
#Wall
Shape
400 500
500 500
500 600
400 600
#Wall
Shape
600 100
630 100
650 250
750 350
700 500
750 600
600 600
#Wall
Circle
975 300
100

#Turret
350 150
25
1
#Turret
550 350
25
1
#Turret
550 400
25
1
#Turret
550 450
25
1
#Turret
700 110
25
1
#Turret
810 80
25
1
#Turret
750 500
25
1

#Player
100 500
#